78.932066, 11.923306
78.932065, 11.924041
78.932061, 11.924777
78.932055, 11.925512
78.932046, 11.926247
78.932035, 11.92698
78.932022, 11.927713
78.932006, 11.928444
78.931987, 11.929173
78.931966, 11.929901
78.931943, 11.930627
78.931917, 11.93135
78.931889, 11.932071
78.931859, 11.93279
78.931826, 11.933505
78.93179, 11.934218
78.931752, 11.934927
78.931712, 11.935632
78.93167, 11.936334
78.931625, 11.937032
78.931578, 11.937725
78.931528, 11.938414
78.931476, 11.939099
78.931422, 11.939779
78.931366, 11.940453
78.931307, 11.941123
78.931246, 11.941787
78.931183, 11.942445
78.931118, 11.943098
78.931051, 11.943744
78.930981, 11.944384
78.930909, 11.945018
78.930835, 11.945645
78.930759, 11.946266
78.930681, 11.946879
78.930601, 11.947485
78.930519, 11.948084
78.930435, 11.948675
78.930349, 11.949259
78.930261, 11.949835
78.930171, 11.950402
78.930079, 11.950961
78.929986, 11.951512
78.92989, 11.952054
78.929793, 11.952588
78.929694, 11.953112
78.929593, 11.953627
78.929491, 11.954134
78.929386, 11.95463
78.929281, 11.955118
78.929173, 11.955595
78.929064, 11.956063
78.928953, 11.95652
78.928841, 11.956968
78.928728, 11.957405
78.928613, 11.957832
78.928496, 11.958248
78.928378, 11.958654
78.928259, 11.959049
78.928139, 11.959433
78.928017, 11.959806
78.927894, 11.960167
78.92777, 11.960518
78.927644, 11.960857
78.927518, 11.961185
78.92739, 11.961501
78.927262, 11.961806
78.927132, 11.962099
78.927002, 11.96238
78.92687, 11.962649
78.926738, 11.962906
78.926605, 11.963151
78.926471, 11.963384
78.926336, 11.963604
78.9262, 11.963813
78.926064, 11.964009
78.925928, 11.964193
78.92579, 11.964364
78.925652, 11.964522
78.925514, 11.964668
78.925375, 11.964802
78.925236, 11.964923
78.925096, 11.965031
78.924956, 11.965126
78.924815, 11.965209
78.924675, 11.965279
78.924534, 11.965336
78.924393, 11.965381
78.924252, 11.965412
78.924111, 11.965431
78.923969, 11.965437
78.923828, 11.96543
78.923687, 11.96541
78.923546, 11.965378
78.923405, 11.965332
78.923264, 11.965274
78.923123, 11.965203
78.922983, 11.965119
78.922843, 11.965023
78.922703, 11.964913
78.922564, 11.964792
78.922425, 11.964657
78.922287, 11.96451
78.922149, 11.96435
78.922011, 11.964178
78.921875, 11.963994
78.921739, 11.963797
78.921603, 11.963587
78.921468, 11.963366
78.921334, 11.963132
78.921201, 11.962886
78.921069, 11.962628
78.920938, 11.962358
78.920807, 11.962077
78.920678, 11.961783
78.920549, 11.961478
78.920422, 11.961161
78.920295, 11.960833
78.92017, 11.960493
78.920046, 11.960142
78.919923, 11.959779
78.919801, 11.959406
78.919681, 11.959021
78.919562, 11.958626
78.919444, 11.95822
78.919328, 11.957803
78.919213, 11.957376
78.919099, 11.956939
78.918987, 11.956491
78.918877, 11.956033
78.918768, 11.955565
78.91866, 11.955087
78.918555, 11.9546
78.918451, 11.954103
78.918348, 11.953597
78.918247, 11.953082
78.918149, 11.952557
78.918051, 11.952024
78.917956, 11.951482
78.917862, 11.950931
78.917771, 11.950372
78.917681, 11.949805
78.917593, 11.949229
78.917507, 11.948646
78.917423, 11.948055
78.917341, 11.947457
78.917261, 11.946851
78.917183, 11.946238
78.917107, 11.945618
78.917034, 11.944991
78.916962, 11.944358
78.916892, 11.943718
78.916825, 11.943072
78.91676, 11.942421
78.916697, 11.941763
78.916636, 11.941099
78.916578, 11.940431
78.916521, 11.939757
78.916467, 11.939078
78.916416, 11.938394
78.916366, 11.937706
78.916319, 11.937013
78.916274, 11.936316
78.916232, 11.935615
78.916192, 11.93491
78.916154, 11.934202
78.916119, 11.933491
78.916086, 11.932776
78.916055, 11.932059
78.916027, 11.931339
78.916001, 11.930616
78.915978, 11.929892
78.915957, 11.929165
78.915939, 11.928436
78.915923, 11.927706
78.915909, 11.926975
78.915898, 11.926242
78.915889, 11.925509
78.915883, 11.924775
78.91588, 11.92404
78.915878, 11.923306
78.91588, 11.922571
78.915883, 11.921836
78.915889, 11.921102
78.915898, 11.920369
78.915909, 11.919636
78.915923, 11.918905
78.915939, 11.918175
78.915957, 11.917446
78.915978, 11.91672
78.916001, 11.915995
78.916027, 11.915272
78.916055, 11.914552
78.916086, 11.913835
78.916119, 11.91312
78.916154, 11.912409
78.916192, 11.911701
78.916232, 11.910996
78.916274, 11.910295
78.916319, 11.909598
78.916366, 11.908906
78.916416, 11.908217
78.916467, 11.907534
78.916521, 11.906855
78.916578, 11.906181
78.916636, 11.905512
78.916697, 11.904848
78.91676, 11.904191
78.916825, 11.903539
78.916892, 11.902893
78.916962, 11.902253
78.917034, 11.90162
78.917107, 11.900993
78.917183, 11.900373
78.917261, 11.89976
78.917341, 11.899154
78.917423, 11.898556
78.917507, 11.897965
78.917593, 11.897382
78.917681, 11.896806
78.917771, 11.896239
78.917862, 11.89568
78.917956, 11.895129
78.918051, 11.894587
78.918149, 11.894054
78.918247, 11.893529
78.918348, 11.893014
78.918451, 11.892508
78.918555, 11.892011
78.91866, 11.891524
78.918768, 11.891046
78.918877, 11.890578
78.918987, 11.89012
78.919099, 11.889673
78.919213, 11.889235
78.919328, 11.888808
78.919444, 11.888391
78.919562, 11.887985
78.919681, 11.88759
78.919801, 11.887205
78.919923, 11.886832
78.920046, 11.88647
78.92017, 11.886119
78.920295, 11.885779
78.920422, 11.88545
78.920549, 11.885133
78.920678, 11.884828
78.920807, 11.884535
78.920938, 11.884253
78.921069, 11.883983
78.921201, 11.883725
78.921334, 11.883479
78.921468, 11.883245
78.921603, 11.883024
78.921739, 11.882814
78.921875, 11.882618
78.922011, 11.882433
78.922149, 11.882261
78.922287, 11.882101
78.922425, 11.881954
78.922564, 11.88182
78.922703, 11.881698
78.922843, 11.881589
78.922983, 11.881492
78.923123, 11.881408
78.923264, 11.881337
78.923405, 11.881279
78.923546, 11.881234
78.923687, 11.881201
78.923828, 11.881181
78.923969, 11.881174
78.924111, 11.88118
78.924252, 11.881199
78.924393, 11.88123
78.924534, 11.881275
78.924675, 11.881332
78.924815, 11.881402
78.924956, 11.881485
78.925096, 11.88158
78.925236, 11.881688
78.925375, 11.881809
78.925514, 11.881943
78.925652, 11.882089
78.92579, 11.882248
78.925928, 11.882419
78.926064, 11.882602
78.9262, 11.882798
78.926336, 11.883007
78.926471, 11.883227
78.926605, 11.88346
78.926738, 11.883705
78.92687, 11.883963
78.927002, 11.884232
78.927132, 11.884513
78.927262, 11.884805
78.92739, 11.88511
78.927518, 11.885426
78.927644, 11.885754
78.92777, 11.886093
78.927894, 11.886444
78.928017, 11.886806
78.928139, 11.887179
78.928259, 11.887563
78.928378, 11.887957
78.928496, 11.888363
78.928613, 11.888779
78.928728, 11.889206
78.928841, 11.889643
78.928953, 11.890091
78.929064, 11.890549
78.929173, 11.891016
78.929281, 11.891494
78.929386, 11.891981
78.929491, 11.892478
78.929593, 11.892984
78.929694, 11.893499
78.929793, 11.894024
78.92989, 11.894557
78.929986, 11.895099
78.930079, 11.89565
78.930171, 11.896209
78.930261, 11.896777
78.930349, 11.897352
78.930435, 11.897936
78.930519, 11.898527
78.930601, 11.899126
78.930681, 11.899732
78.930759, 11.900345
78.930835, 11.900966
78.930909, 11.901593
78.930981, 11.902227
78.931051, 11.902867
78.931118, 11.903514
78.931183, 11.904166
78.931246, 11.904824
78.931307, 11.905489
78.931366, 11.906158
78.931422, 11.906833
78.931476, 11.907512
78.931528, 11.908197
78.931578, 11.908886
78.931625, 11.90958
78.93167, 11.910277
78.931712, 11.910979
78.931752, 11.911685
78.93179, 11.912394
78.931826, 11.913106
78.931859, 11.913821
78.931889, 11.91454
78.931917, 11.915261
78.931943, 11.915984
78.931966, 11.91671
78.931987, 11.917438
78.932006, 11.918167
78.932022, 11.918899
78.932035, 11.919631
78.932046, 11.920365
78.932055, 11.921099
78.932061, 11.921834
78.932065, 11.92257
78.932066, 11.923306
